#                                                          
# SPHERE/ZIMPOL ND1.0 filter transmission                    
#                                                          
# Updated with final values on 2015-04-16 by Julien Milli  
# For any information, please contact <jmilli@eso.org>    
#                                                          
# wavelength   ND1.0                                         
#                                                          
      400.000          NaN
      401.000          NaN
      402.000          NaN
      403.000          NaN
      404.000          NaN
      405.000          NaN
      406.000          NaN
      407.000          NaN
      408.000          NaN
      409.000          NaN
      410.000          NaN
      411.000          NaN
      412.000          NaN
      413.000          NaN
      414.000          NaN
      415.000          NaN
      416.000          NaN
      417.000          NaN
      418.000          NaN
      419.000          NaN
      420.000          NaN
      421.000          NaN
      422.000          NaN
      423.000          NaN
      424.000          NaN
      425.000          NaN
      426.000          NaN
      427.000          NaN
      428.000          NaN
      429.000          NaN
      430.000          NaN
      431.000          NaN
      432.000          NaN
      433.000          NaN
      434.000          NaN
      435.000          NaN
      436.000          NaN
      437.000          NaN
      438.000          NaN
      439.000          NaN
      440.000          NaN
      441.000          NaN
      442.000          NaN
      443.000          NaN
      444.000          NaN
      445.000          NaN
      446.000          NaN
      447.000          NaN
      448.000          NaN
      449.000          NaN
      450.000          NaN
      451.000          NaN
      452.000          NaN
      453.000          NaN
      454.000          NaN
      455.000          NaN
      456.000          NaN
      457.000          NaN
      458.000          NaN
      459.000          NaN
      460.000          NaN
      461.000          NaN
      462.000          NaN
      463.000          NaN
      464.000          NaN
      465.000          NaN
      466.000          NaN
      467.000          NaN
      468.000          NaN
      469.000          NaN
      470.000          NaN
      471.000          NaN
      472.000          NaN
      473.000          NaN
      474.000          NaN
      475.000          NaN
      476.000          NaN
      477.000          NaN
      478.000          NaN
      479.000          NaN
      480.000          NaN
      481.000          NaN
      482.000          NaN
      483.000          NaN
      484.000          NaN
      485.000          NaN
      486.000          NaN
      487.000          NaN
      488.000          NaN
      489.000          NaN
      490.000          NaN
      491.000          NaN
      492.000          NaN
      493.000          NaN
      494.000          NaN
      495.000          NaN
      496.000          NaN
      497.000          NaN
      498.000          NaN
      499.000          NaN
      500.000          NaN
      501.000    0.0889500
      502.000    0.0889000
      503.000    0.0888500
      504.000    0.0888000
      505.000    0.0887500
      506.000    0.0887000
      507.000    0.0886500
      508.000    0.0886000
      509.000    0.0885500
      510.000    0.0885000
      511.000    0.0884600
      512.000    0.0884200
      513.000    0.0883800
      514.000    0.0883400
      515.000    0.0883000
      516.000    0.0882600
      517.000    0.0882200
      518.000    0.0881800
      519.000    0.0881400
      520.000    0.0881000
      521.000    0.0880600
      522.000    0.0880200
      523.000    0.0879800
      524.000    0.0879400
      525.000    0.0879000
      526.000    0.0878600
      527.000    0.0878200
      528.000    0.0877800
      529.000    0.0877400
      530.000    0.0877000
      531.000    0.0876400
      532.000    0.0875800
      533.000    0.0875200
      534.000    0.0874600
      535.000    0.0874000
      536.000    0.0873400
      537.000    0.0872800
      538.000    0.0872200
      539.000    0.0871600
      540.000    0.0871000
      541.000    0.0870400
      542.000    0.0869800
      543.000    0.0869200
      544.000    0.0868600
      545.000    0.0868000
      546.000    0.0867400
      547.000    0.0866800
      548.000    0.0866200
      549.000    0.0865600
      550.000    0.0865000
      551.000    0.0864400
      552.000    0.0863800
      553.000    0.0863200
      554.000    0.0862600
      555.000    0.0862000
      556.000    0.0861400
      557.000    0.0860800
      558.000    0.0860200
      559.000    0.0859600
      560.000    0.0859000
      561.000    0.0858700
      562.000    0.0858400
      563.000    0.0858100
      564.000    0.0857800
      565.000    0.0857500
      566.000    0.0857200
      567.000    0.0856900
      568.000    0.0856600
      569.000    0.0856300
      570.000    0.0856000
      571.000    0.0856000
      572.000    0.0856000
      573.000    0.0856000
      574.000    0.0856000
      575.000    0.0856000
      576.000    0.0856000
      577.000    0.0856000
      578.000    0.0856000
      579.000    0.0856000
      580.000    0.0856000
      581.000    0.0855100
      582.000    0.0854200
      583.000    0.0853300
      584.000    0.0852400
      585.000    0.0851500
      586.000    0.0850600
      587.000    0.0849700
      588.000    0.0848800
      589.000    0.0847900
      590.000    0.0847000
      591.000    0.0846900
      592.000    0.0846800
      593.000    0.0846700
      594.000    0.0846600
      595.000    0.0846500
      596.000    0.0846400
      597.000    0.0846300
      598.000    0.0846200
      599.000    0.0846100
      600.000    0.0846000
      601.000    0.0845600
      602.000    0.0845200
      603.000    0.0844800
      604.000    0.0844400
      605.000    0.0844000
      606.000    0.0843600
      607.000    0.0843200
      608.000    0.0842800
      609.000    0.0842400
      610.000    0.0842000
      611.000    0.0841100
      612.000    0.0840200
      613.000    0.0839300
      614.000    0.0838400
      615.000    0.0837500
      616.000    0.0836600
      617.000    0.0835700
      618.000    0.0834800
      619.000    0.0833900
      620.000    0.0833000
      621.000    0.0833400
      622.000    0.0833800
      623.000    0.0834200
      624.000    0.0834600
      625.000    0.0835000
      626.000    0.0835400
      627.000    0.0835800
      628.000    0.0836200
      629.000    0.0836600
      630.000    0.0837000
      631.000    0.0837100
      632.000    0.0837200
      633.000    0.0837300
      634.000    0.0837400
      635.000    0.0837500
      636.000    0.0837600
      637.000    0.0837700
      638.000    0.0837800
      639.000    0.0837900
      640.000    0.0838000
      641.000    0.0837600
      642.000    0.0837200
      643.000    0.0836800
      644.000    0.0836400
      645.000    0.0836000
      646.000    0.0835600
      647.000    0.0835200
      648.000    0.0834800
      649.000    0.0834400
      650.000    0.0834000
      651.000    0.0834400
      652.000    0.0834800
      653.000    0.0835200
      654.000    0.0835600
      655.000    0.0836000
      656.000    0.0836400
      657.000    0.0836800
      658.000    0.0837200
      659.000    0.0837600
      660.000    0.0838000
      661.000    0.0837500
      662.000    0.0837000
      663.000    0.0836500
      664.000    0.0836000
      665.000    0.0835500
      666.000    0.0835000
      667.000    0.0834500
      668.000    0.0834000
      669.000    0.0833500
      670.000    0.0833000
      671.000    0.0833000
      672.000    0.0833000
      673.000    0.0833000
      674.000    0.0833000
      675.000    0.0833000
      676.000    0.0833000
      677.000    0.0833000
      678.000    0.0833000
      679.000    0.0833000
      680.000    0.0833000
      681.000    0.0833000
      682.000    0.0833000
      683.000    0.0833000
      684.000    0.0833000
      685.000    0.0833000
      686.000    0.0833000
      687.000    0.0833000
      688.000    0.0833000
      689.000    0.0833000
      690.000    0.0833000
      691.000    0.0833300
      692.000    0.0833600
      693.000    0.0833900
      694.000    0.0834200
      695.000    0.0834500
      696.000    0.0834800
      697.000    0.0835100
      698.000    0.0835400
      699.000    0.0835700
      700.000    0.0836000
      701.000    0.0835900
      702.000    0.0835800
      703.000    0.0835700
      704.000    0.0835600
      705.000    0.0835500
      706.000    0.0835400
      707.000    0.0835300
      708.000    0.0835200
      709.000    0.0835100
      710.000    0.0835000
      711.000    0.0833700
      712.000    0.0832400
      713.000    0.0831100
      714.000    0.0829800
      715.000    0.0828500
      716.000    0.0827200
      717.000    0.0825900
      718.000    0.0824600
      719.000    0.0823300
      720.000    0.0822000
      721.000    0.0823100
      722.000    0.0824200
      723.000    0.0825300
      724.000    0.0826400
      725.000    0.0827500
      726.000    0.0828600
      727.000    0.0829700
      728.000    0.0830800
      729.000    0.0831900
      730.000    0.0833000
      731.000    0.0832300
      732.000    0.0831600
      733.000    0.0830900
      734.000    0.0830200
      735.000    0.0829500
      736.000    0.0828800
      737.000    0.0828100
      738.000    0.0827400
      739.000    0.0826700
      740.000    0.0826000
      741.000    0.0824400
      742.000    0.0822800
      743.000    0.0821200
      744.000    0.0819600
      745.000    0.0818000
      746.000    0.0816400
      747.000    0.0814800
      748.000    0.0813200
      749.000    0.0811600
      750.000    0.0810000
      751.000    0.0810600
      752.000    0.0811200
      753.000    0.0811800
      754.000    0.0812400
      755.000    0.0813000
      756.000    0.0813600
      757.000    0.0814200
      758.000    0.0814800
      759.000    0.0815400
      760.000    0.0816000
      761.000    0.0816400
      762.000    0.0816800
      763.000    0.0817200
      764.000    0.0817600
      765.000    0.0818000
      766.000    0.0818400
      767.000    0.0818800
      768.000    0.0819200
      769.000    0.0819600
      770.000    0.0820000
      771.000    0.0819300
      772.000    0.0818600
      773.000    0.0817900
      774.000    0.0817200
      775.000    0.0816500
      776.000    0.0815800
      777.000    0.0815100
      778.000    0.0814400
      779.000    0.0813700
      780.000    0.0813000
      781.000    0.0814100
      782.000    0.0815200
      783.000    0.0816300
      784.000    0.0817400
      785.000    0.0818500
      786.000    0.0819600
      787.000    0.0820700
      788.000    0.0821800
      789.000    0.0822900
      790.000    0.0824000
      791.000    0.0823200
      792.000    0.0822400
      793.000    0.0821600
      794.000    0.0820800
      795.000    0.0820000
      796.000    0.0819200
      797.000    0.0818400
      798.000    0.0817600
      799.000    0.0816800
      800.000    0.0816000
      801.000    0.0816600
      802.000    0.0817200
      803.000    0.0817800
      804.000    0.0818400
      805.000    0.0819000
      806.000    0.0819600
      807.000    0.0820200
      808.000    0.0820800
      809.000    0.0821400
      810.000    0.0822000
      811.000    0.0821900
      812.000    0.0821800
      813.000    0.0821700
      814.000    0.0821600
      815.000    0.0821500
      816.000    0.0821400
      817.000    0.0821300
      818.000    0.0821200
      819.000    0.0821100
      820.000    0.0821000
      821.000    0.0819100
      822.000    0.0817200
      823.000    0.0815300
      824.000    0.0813400
      825.000    0.0811500
      826.000    0.0809600
      827.000    0.0807700
      828.000    0.0805800
      829.000    0.0803900
      830.000    0.0802000
      831.000    0.0803300
      832.000    0.0804600
      833.000    0.0805900
      834.000    0.0807200
      835.000    0.0808500
      836.000    0.0809800
      837.000    0.0811100
      838.000    0.0812400
      839.000    0.0813700
      840.000    0.0815000
      841.000    0.0813700
      842.000    0.0812400
      843.000    0.0811100
      844.000    0.0809800
      845.000    0.0808500
      846.000    0.0807200
      847.000    0.0805900
      848.000    0.0804600
      849.000    0.0803300
      850.000    0.0802000
      851.000    0.0802600
      852.000    0.0803200
      853.000    0.0803800
      854.000    0.0804400
      855.000    0.0805000
      856.000    0.0805600
      857.000    0.0806200
      858.000    0.0806800
      859.000    0.0807400
      860.000    0.0808000
      861.000    0.0808500
      862.000    0.0809000
      863.000    0.0809500
      864.000    0.0810000
      865.000    0.0810500
      866.000    0.0811000
      867.000    0.0811500
      868.000    0.0812000
      869.000    0.0812500
      870.000    0.0813000
      871.000    0.0811800
      872.000    0.0810600
      873.000    0.0809400
      874.000    0.0808200
      875.000    0.0807000
      876.000    0.0805800
      877.000    0.0804600
      878.000    0.0803400
      879.000    0.0802200
      880.000    0.0801000
      881.000    0.0802900
      882.000    0.0804800
      883.000    0.0806700
      884.000    0.0808600
      885.000    0.0810500
      886.000    0.0812400
      887.000    0.0814300
      888.000    0.0816200
      889.000    0.0818100
      890.000    0.0820000
      891.000    0.0820700
      892.000    0.0821400
      893.000    0.0822100
      894.000    0.0822800
      895.000    0.0823500
      896.000    0.0824200
      897.000    0.0824900
      898.000    0.0825600
      899.000    0.0826300
      900.000    0.0827000
      901.000          NaN
      902.000          NaN
      903.000          NaN
      904.000          NaN
      905.000          NaN
      906.000          NaN
      907.000          NaN
      908.000          NaN
      909.000          NaN
      910.000          NaN
      911.000          NaN
      912.000          NaN
      913.000          NaN
      914.000          NaN
      915.000          NaN
      916.000          NaN
      917.000          NaN
      918.000          NaN
      919.000          NaN
      920.000          NaN
      921.000          NaN
      922.000          NaN
      923.000          NaN
      924.000          NaN
      925.000          NaN
      926.000          NaN
      927.000          NaN
      928.000          NaN
      929.000          NaN
      930.000          NaN
      931.000          NaN
      932.000          NaN
      933.000          NaN
      934.000          NaN
      935.000          NaN
      936.000          NaN
      937.000          NaN
      938.000          NaN
      939.000          NaN
      940.000          NaN
      941.000          NaN
      942.000          NaN
      943.000          NaN
      944.000          NaN
      945.000          NaN
      946.000          NaN
      947.000          NaN
      948.000          NaN
      949.000          NaN
      950.000          NaN
      951.000          NaN
      952.000          NaN
      953.000          NaN
      954.000          NaN
      955.000          NaN
      956.000          NaN
      957.000          NaN
      958.000          NaN
      959.000          NaN
      960.000          NaN
      961.000          NaN
      962.000          NaN
      963.000          NaN
      964.000          NaN
      965.000          NaN
      966.000          NaN
      967.000          NaN
      968.000          NaN
      969.000          NaN
      970.000          NaN
      971.000          NaN
      972.000          NaN
      973.000          NaN
      974.000          NaN
      975.000          NaN
      976.000          NaN
      977.000          NaN
      978.000          NaN
      979.000          NaN
      980.000          NaN
      981.000          NaN
      982.000          NaN
      983.000          NaN
      984.000          NaN
      985.000          NaN
      986.000          NaN
      987.000          NaN
      988.000          NaN
      989.000          NaN
      990.000          NaN
      991.000          NaN
      992.000          NaN
      993.000          NaN
      994.000          NaN
      995.000          NaN
      996.000          NaN
      997.000          NaN
      998.000          NaN
      999.000          NaN
      1000.00          NaN
      1001.00          NaN
      1002.00          NaN
      1003.00          NaN
      1004.00          NaN
      1005.00          NaN
      1006.00          NaN
      1007.00          NaN
      1008.00          NaN
      1009.00          NaN
      1010.00          NaN
      1011.00          NaN
      1012.00          NaN
      1013.00          NaN
      1014.00          NaN
      1015.00          NaN
      1016.00          NaN
      1017.00          NaN
      1018.00          NaN
      1019.00          NaN
      1020.00          NaN
      1021.00          NaN
      1022.00          NaN
      1023.00          NaN
      1024.00          NaN
      1025.00          NaN
      1026.00          NaN
      1027.00          NaN
      1028.00          NaN
      1029.00          NaN
      1030.00          NaN
      1031.00          NaN
      1032.00          NaN
      1033.00          NaN
      1034.00          NaN
      1035.00          NaN
      1036.00          NaN
      1037.00          NaN
      1038.00          NaN
      1039.00          NaN
      1040.00          NaN
      1041.00          NaN
      1042.00          NaN
      1043.00          NaN
      1044.00          NaN
      1045.00          NaN
      1046.00          NaN
      1047.00          NaN
      1048.00          NaN
      1049.00          NaN
      1050.00          NaN
      1051.00          NaN
      1052.00          NaN
      1053.00          NaN
      1054.00          NaN
      1055.00          NaN
      1056.00          NaN
      1057.00          NaN
      1058.00          NaN
      1059.00          NaN
      1060.00          NaN
      1061.00          NaN
      1062.00          NaN
      1063.00          NaN
      1064.00          NaN
      1065.00          NaN
      1066.00          NaN
      1067.00          NaN
      1068.00          NaN
      1069.00          NaN
      1070.00          NaN
      1071.00          NaN
      1072.00          NaN
      1073.00          NaN
      1074.00          NaN
      1075.00          NaN
      1076.00          NaN
      1077.00          NaN
      1078.00          NaN
      1079.00          NaN
      1080.00          NaN
      1081.00          NaN
      1082.00          NaN
      1083.00          NaN
      1084.00          NaN
      1085.00          NaN
      1086.00          NaN
      1087.00          NaN
      1088.00          NaN
      1089.00          NaN
      1090.00          NaN
      1091.00          NaN
      1092.00          NaN
      1093.00          NaN
      1094.00          NaN
      1095.00          NaN
      1096.00          NaN
      1097.00          NaN
      1098.00          NaN
      1099.00          NaN
      1100.00          NaN
      1101.00          NaN
      1102.00          NaN
      1103.00          NaN
      1104.00          NaN
      1105.00          NaN
      1106.00          NaN
      1107.00          NaN
      1108.00          NaN
      1109.00          NaN
      1110.00          NaN
      1111.00          NaN
      1112.00          NaN
      1113.00          NaN
      1114.00          NaN
      1115.00          NaN
      1116.00          NaN
      1117.00          NaN
      1118.00          NaN
      1119.00          NaN
      1120.00          NaN
      1121.00          NaN
      1122.00          NaN
      1123.00          NaN
      1124.00          NaN
      1125.00          NaN
      1126.00          NaN
      1127.00          NaN
      1128.00          NaN
      1129.00          NaN
      1130.00          NaN
      1131.00          NaN
      1132.00          NaN
      1133.00          NaN
      1134.00          NaN
      1135.00          NaN
      1136.00          NaN
      1137.00          NaN
      1138.00          NaN
      1139.00          NaN
      1140.00          NaN
      1141.00          NaN
      1142.00          NaN
      1143.00          NaN
      1144.00          NaN
      1145.00          NaN
      1146.00          NaN
      1147.00          NaN
      1148.00          NaN
      1149.00          NaN
      1150.00          NaN
      1151.00          NaN
      1152.00          NaN
      1153.00          NaN
      1154.00          NaN
      1155.00          NaN
      1156.00          NaN
      1157.00          NaN
      1158.00          NaN
      1159.00          NaN
      1160.00          NaN
      1161.00          NaN
      1162.00          NaN
      1163.00          NaN
      1164.00          NaN
      1165.00          NaN
      1166.00          NaN
      1167.00          NaN
      1168.00          NaN
      1169.00          NaN
      1170.00          NaN
      1171.00          NaN
      1172.00          NaN
      1173.00          NaN
      1174.00          NaN
      1175.00          NaN
      1176.00          NaN
      1177.00          NaN
      1178.00          NaN
      1179.00          NaN
      1180.00          NaN
      1181.00          NaN
      1182.00          NaN
      1183.00          NaN
      1184.00          NaN
      1185.00          NaN
      1186.00          NaN
      1187.00          NaN
      1188.00          NaN
      1189.00          NaN
      1190.00          NaN
      1191.00          NaN
      1192.00          NaN
      1193.00          NaN
      1194.00          NaN
      1195.00          NaN
      1196.00          NaN
      1197.00          NaN
      1198.00          NaN
      1199.00          NaN
      1200.00          NaN
      1201.00          NaN
      1202.00          NaN
      1203.00          NaN
      1204.00          NaN
      1205.00          NaN
      1206.00          NaN
      1207.00          NaN
      1208.00          NaN
      1209.00          NaN
      1210.00          NaN
      1211.00          NaN
      1212.00          NaN
      1213.00          NaN
      1214.00          NaN
      1215.00          NaN
      1216.00          NaN
      1217.00          NaN
      1218.00          NaN
      1219.00          NaN
      1220.00          NaN
      1221.00          NaN
      1222.00          NaN
      1223.00          NaN
      1224.00          NaN
      1225.00          NaN
      1226.00          NaN
      1227.00          NaN
      1228.00          NaN
      1229.00          NaN
      1230.00          NaN
      1231.00          NaN
      1232.00          NaN
      1233.00          NaN
      1234.00          NaN
      1235.00          NaN
      1236.00          NaN
      1237.00          NaN
      1238.00          NaN
      1239.00          NaN
      1240.00          NaN
      1241.00          NaN
      1242.00          NaN
      1243.00          NaN
      1244.00          NaN
      1245.00          NaN
      1246.00          NaN
      1247.00          NaN
      1248.00          NaN
      1249.00          NaN
      1250.00          NaN
      1251.00          NaN
      1252.00          NaN
      1253.00          NaN
      1254.00          NaN
      1255.00          NaN
      1256.00          NaN
      1257.00          NaN
      1258.00          NaN
      1259.00          NaN
      1260.00          NaN
      1261.00          NaN
      1262.00          NaN
      1263.00          NaN
      1264.00          NaN
      1265.00          NaN
      1266.00          NaN
      1267.00          NaN
      1268.00          NaN
      1269.00          NaN
      1270.00          NaN
      1271.00          NaN
      1272.00          NaN
      1273.00          NaN
      1274.00          NaN
      1275.00          NaN
      1276.00          NaN
      1277.00          NaN
      1278.00          NaN
      1279.00          NaN
      1280.00          NaN
      1281.00          NaN
      1282.00          NaN
      1283.00          NaN
      1284.00          NaN
      1285.00          NaN
      1286.00          NaN
      1287.00          NaN
      1288.00          NaN
      1289.00          NaN
      1290.00          NaN
      1291.00          NaN
      1292.00          NaN
      1293.00          NaN
      1294.00          NaN
      1295.00          NaN
      1296.00          NaN
      1297.00          NaN
      1298.00          NaN
      1299.00          NaN
      1300.00          NaN
      1301.00          NaN
      1302.00          NaN
      1303.00          NaN
      1304.00          NaN
      1305.00          NaN
      1306.00          NaN
      1307.00          NaN
      1308.00          NaN
      1309.00          NaN
      1310.00          NaN
      1311.00          NaN
      1312.00          NaN
      1313.00          NaN
      1314.00          NaN
      1315.00          NaN
      1316.00          NaN
      1317.00          NaN
      1318.00          NaN
      1319.00          NaN
      1320.00          NaN
      1321.00          NaN
      1322.00          NaN
      1323.00          NaN
      1324.00          NaN
      1325.00          NaN
      1326.00          NaN
      1327.00          NaN
      1328.00          NaN
      1329.00          NaN
      1330.00          NaN
      1331.00          NaN
      1332.00          NaN
      1333.00          NaN
      1334.00          NaN
      1335.00          NaN
      1336.00          NaN
      1337.00          NaN
      1338.00          NaN
      1339.00          NaN
      1340.00          NaN
      1341.00          NaN
      1342.00          NaN
      1343.00          NaN
      1344.00          NaN
      1345.00          NaN
      1346.00          NaN
      1347.00          NaN
      1348.00          NaN
      1349.00          NaN
      1350.00          NaN
      1351.00          NaN
      1352.00          NaN
      1353.00          NaN
      1354.00          NaN
      1355.00          NaN
      1356.00          NaN
      1357.00          NaN
      1358.00          NaN
      1359.00          NaN
      1360.00          NaN
      1361.00          NaN
      1362.00          NaN
      1363.00          NaN
      1364.00          NaN
      1365.00          NaN
      1366.00          NaN
      1367.00          NaN
      1368.00          NaN
      1369.00          NaN
      1370.00          NaN
      1371.00          NaN
      1372.00          NaN
      1373.00          NaN
      1374.00          NaN
      1375.00          NaN
      1376.00          NaN
      1377.00          NaN
      1378.00          NaN
      1379.00          NaN
      1380.00          NaN
      1381.00          NaN
      1382.00          NaN
      1383.00          NaN
      1384.00          NaN
      1385.00          NaN
      1386.00          NaN
      1387.00          NaN
      1388.00          NaN
      1389.00          NaN
      1390.00          NaN
      1391.00          NaN
      1392.00          NaN
      1393.00          NaN
      1394.00          NaN
      1395.00          NaN
      1396.00          NaN
      1397.00          NaN
      1398.00          NaN
      1399.00          NaN
      1400.00          NaN
      1401.00          NaN
      1402.00          NaN
      1403.00          NaN
      1404.00          NaN
      1405.00          NaN
      1406.00          NaN
      1407.00          NaN
      1408.00          NaN
      1409.00          NaN
      1410.00          NaN
      1411.00          NaN
      1412.00          NaN
      1413.00          NaN
      1414.00          NaN
      1415.00          NaN
      1416.00          NaN
      1417.00          NaN
      1418.00          NaN
      1419.00          NaN
      1420.00          NaN
      1421.00          NaN
      1422.00          NaN
      1423.00          NaN
      1424.00          NaN
      1425.00          NaN
      1426.00          NaN
      1427.00          NaN
      1428.00          NaN
      1429.00          NaN
      1430.00          NaN
      1431.00          NaN
      1432.00          NaN
      1433.00          NaN
      1434.00          NaN
      1435.00          NaN
      1436.00          NaN
      1437.00          NaN
      1438.00          NaN
      1439.00          NaN
      1440.00          NaN
      1441.00          NaN
      1442.00          NaN
      1443.00          NaN
      1444.00          NaN
      1445.00          NaN
      1446.00          NaN
      1447.00          NaN
      1448.00          NaN
      1449.00          NaN
      1450.00          NaN
      1451.00          NaN
      1452.00          NaN
      1453.00          NaN
      1454.00          NaN
      1455.00          NaN
      1456.00          NaN
      1457.00          NaN
      1458.00          NaN
      1459.00          NaN
      1460.00          NaN
      1461.00          NaN
      1462.00          NaN
      1463.00          NaN
      1464.00          NaN
      1465.00          NaN
      1466.00          NaN
      1467.00          NaN
      1468.00          NaN
      1469.00          NaN
      1470.00          NaN
      1471.00          NaN
      1472.00          NaN
      1473.00          NaN
      1474.00          NaN
      1475.00          NaN
      1476.00          NaN
      1477.00          NaN
      1478.00          NaN
      1479.00          NaN
      1480.00          NaN
      1481.00          NaN
      1482.00          NaN
      1483.00          NaN
      1484.00          NaN
      1485.00          NaN
      1486.00          NaN
      1487.00          NaN
      1488.00          NaN
      1489.00          NaN
      1490.00          NaN
      1491.00          NaN
      1492.00          NaN
      1493.00          NaN
      1494.00          NaN
      1495.00          NaN
      1496.00          NaN
      1497.00          NaN
      1498.00          NaN
      1499.00          NaN
      1500.00          NaN
      1501.00          NaN
      1502.00          NaN
      1503.00          NaN
      1504.00          NaN
      1505.00          NaN
      1506.00          NaN
      1507.00          NaN
      1508.00          NaN
      1509.00          NaN
      1510.00          NaN
      1511.00          NaN
      1512.00          NaN
      1513.00          NaN
      1514.00          NaN
      1515.00          NaN
      1516.00          NaN
      1517.00          NaN
      1518.00          NaN
      1519.00          NaN
      1520.00          NaN
      1521.00          NaN
      1522.00          NaN
      1523.00          NaN
      1524.00          NaN
      1525.00          NaN
      1526.00          NaN
      1527.00          NaN
      1528.00          NaN
      1529.00          NaN
      1530.00          NaN
      1531.00          NaN
      1532.00          NaN
      1533.00          NaN
      1534.00          NaN
      1535.00          NaN
      1536.00          NaN
      1537.00          NaN
      1538.00          NaN
      1539.00          NaN
      1540.00          NaN
      1541.00          NaN
      1542.00          NaN
      1543.00          NaN
      1544.00          NaN
      1545.00          NaN
      1546.00          NaN
      1547.00          NaN
      1548.00          NaN
      1549.00          NaN
      1550.00          NaN
      1551.00          NaN
      1552.00          NaN
      1553.00          NaN
      1554.00          NaN
      1555.00          NaN
      1556.00          NaN
      1557.00          NaN
      1558.00          NaN
      1559.00          NaN
      1560.00          NaN
      1561.00          NaN
      1562.00          NaN
      1563.00          NaN
      1564.00          NaN
      1565.00          NaN
      1566.00          NaN
      1567.00          NaN
      1568.00          NaN
      1569.00          NaN
      1570.00          NaN
      1571.00          NaN
      1572.00          NaN
      1573.00          NaN
      1574.00          NaN
      1575.00          NaN
      1576.00          NaN
      1577.00          NaN
      1578.00          NaN
      1579.00          NaN
      1580.00          NaN
      1581.00          NaN
      1582.00          NaN
      1583.00          NaN
      1584.00          NaN
      1585.00          NaN
      1586.00          NaN
      1587.00          NaN
      1588.00          NaN
      1589.00          NaN
      1590.00          NaN
      1591.00          NaN
      1592.00          NaN
      1593.00          NaN
      1594.00          NaN
      1595.00          NaN
      1596.00          NaN
      1597.00          NaN
      1598.00          NaN
      1599.00          NaN
      1600.00          NaN
      1601.00          NaN
      1602.00          NaN
      1603.00          NaN
      1604.00          NaN
      1605.00          NaN
      1606.00          NaN
      1607.00          NaN
      1608.00          NaN
      1609.00          NaN
      1610.00          NaN
      1611.00          NaN
      1612.00          NaN
      1613.00          NaN
      1614.00          NaN
      1615.00          NaN
      1616.00          NaN
      1617.00          NaN
      1618.00          NaN
      1619.00          NaN
      1620.00          NaN
      1621.00          NaN
      1622.00          NaN
      1623.00          NaN
      1624.00          NaN
      1625.00          NaN
      1626.00          NaN
      1627.00          NaN
      1628.00          NaN
      1629.00          NaN
      1630.00          NaN
      1631.00          NaN
      1632.00          NaN
      1633.00          NaN
      1634.00          NaN
      1635.00          NaN
      1636.00          NaN
      1637.00          NaN
      1638.00          NaN
      1639.00          NaN
      1640.00          NaN
      1641.00          NaN
      1642.00          NaN
      1643.00          NaN
      1644.00          NaN
      1645.00          NaN
      1646.00          NaN
      1647.00          NaN
      1648.00          NaN
      1649.00          NaN
      1650.00          NaN
      1651.00          NaN
      1652.00          NaN
      1653.00          NaN
      1654.00          NaN
      1655.00          NaN
      1656.00          NaN
      1657.00          NaN
      1658.00          NaN
      1659.00          NaN
      1660.00          NaN
      1661.00          NaN
      1662.00          NaN
      1663.00          NaN
      1664.00          NaN
      1665.00          NaN
      1666.00          NaN
      1667.00          NaN
      1668.00          NaN
      1669.00          NaN
      1670.00          NaN
      1671.00          NaN
      1672.00          NaN
      1673.00          NaN
      1674.00          NaN
      1675.00          NaN
      1676.00          NaN
      1677.00          NaN
      1678.00          NaN
      1679.00          NaN
      1680.00          NaN
      1681.00          NaN
      1682.00          NaN
      1683.00          NaN
      1684.00          NaN
      1685.00          NaN
      1686.00          NaN
      1687.00          NaN
      1688.00          NaN
      1689.00          NaN
      1690.00          NaN
      1691.00          NaN
      1692.00          NaN
      1693.00          NaN
      1694.00          NaN
      1695.00          NaN
      1696.00          NaN
      1697.00          NaN
      1698.00          NaN
      1699.00          NaN
      1700.00          NaN
      1701.00          NaN
      1702.00          NaN
      1703.00          NaN
      1704.00          NaN
      1705.00          NaN
      1706.00          NaN
      1707.00          NaN
      1708.00          NaN
      1709.00          NaN
      1710.00          NaN
      1711.00          NaN
      1712.00          NaN
      1713.00          NaN
      1714.00          NaN
      1715.00          NaN
      1716.00          NaN
      1717.00          NaN
      1718.00          NaN
      1719.00          NaN
      1720.00          NaN
      1721.00          NaN
      1722.00          NaN
      1723.00          NaN
      1724.00          NaN
      1725.00          NaN
      1726.00          NaN
      1727.00          NaN
      1728.00          NaN
      1729.00          NaN
      1730.00          NaN
      1731.00          NaN
      1732.00          NaN
      1733.00          NaN
      1734.00          NaN
      1735.00          NaN
      1736.00          NaN
      1737.00          NaN
      1738.00          NaN
      1739.00          NaN
      1740.00          NaN
      1741.00          NaN
      1742.00          NaN
      1743.00          NaN
      1744.00          NaN
      1745.00          NaN
      1746.00          NaN
      1747.00          NaN
      1748.00          NaN
      1749.00          NaN
      1750.00          NaN
      1751.00          NaN
      1752.00          NaN
      1753.00          NaN
      1754.00          NaN
      1755.00          NaN
      1756.00          NaN
      1757.00          NaN
      1758.00          NaN
      1759.00          NaN
      1760.00          NaN
      1761.00          NaN
      1762.00          NaN
      1763.00          NaN
      1764.00          NaN
      1765.00          NaN
      1766.00          NaN
      1767.00          NaN
      1768.00          NaN
      1769.00          NaN
      1770.00          NaN
      1771.00          NaN
      1772.00          NaN
      1773.00          NaN
      1774.00          NaN
      1775.00          NaN
      1776.00          NaN
      1777.00          NaN
      1778.00          NaN
      1779.00          NaN
      1780.00          NaN
      1781.00          NaN
      1782.00          NaN
      1783.00          NaN
      1784.00          NaN
      1785.00          NaN
      1786.00          NaN
      1787.00          NaN
      1788.00          NaN
      1789.00          NaN
      1790.00          NaN
      1791.00          NaN
      1792.00          NaN
      1793.00          NaN
      1794.00          NaN
      1795.00          NaN
      1796.00          NaN
      1797.00          NaN
      1798.00          NaN
      1799.00          NaN
      1800.00          NaN
      1801.00          NaN
      1802.00          NaN
      1803.00          NaN
      1804.00          NaN
      1805.00          NaN
      1806.00          NaN
      1807.00          NaN
      1808.00          NaN
      1809.00          NaN
      1810.00          NaN
      1811.00          NaN
      1812.00          NaN
      1813.00          NaN
      1814.00          NaN
      1815.00          NaN
      1816.00          NaN
      1817.00          NaN
      1818.00          NaN
      1819.00          NaN
      1820.00          NaN
      1821.00          NaN
      1822.00          NaN
      1823.00          NaN
      1824.00          NaN
      1825.00          NaN
      1826.00          NaN
      1827.00          NaN
      1828.00          NaN
      1829.00          NaN
      1830.00          NaN
      1831.00          NaN
      1832.00          NaN
      1833.00          NaN
      1834.00          NaN
      1835.00          NaN
      1836.00          NaN
      1837.00          NaN
      1838.00          NaN
      1839.00          NaN
      1840.00          NaN
      1841.00          NaN
      1842.00          NaN
      1843.00          NaN
      1844.00          NaN
      1845.00          NaN
      1846.00          NaN
      1847.00          NaN
      1848.00          NaN
      1849.00          NaN
      1850.00          NaN
      1851.00          NaN
      1852.00          NaN
      1853.00          NaN
      1854.00          NaN
      1855.00          NaN
      1856.00          NaN
      1857.00          NaN
      1858.00          NaN
      1859.00          NaN
      1860.00          NaN
      1861.00          NaN
      1862.00          NaN
      1863.00          NaN
      1864.00          NaN
      1865.00          NaN
      1866.00          NaN
      1867.00          NaN
      1868.00          NaN
      1869.00          NaN
      1870.00          NaN
      1871.00          NaN
      1872.00          NaN
      1873.00          NaN
      1874.00          NaN
      1875.00          NaN
      1876.00          NaN
      1877.00          NaN
      1878.00          NaN
      1879.00          NaN
      1880.00          NaN
      1881.00          NaN
      1882.00          NaN
      1883.00          NaN
      1884.00          NaN
      1885.00          NaN
      1886.00          NaN
      1887.00          NaN
      1888.00          NaN
      1889.00          NaN
      1890.00          NaN
      1891.00          NaN
      1892.00          NaN
      1893.00          NaN
      1894.00          NaN
      1895.00          NaN
      1896.00          NaN
      1897.00          NaN
      1898.00          NaN
      1899.00          NaN
      1900.00          NaN
      1901.00          NaN
      1902.00          NaN
      1903.00          NaN
      1904.00          NaN
      1905.00          NaN
      1906.00          NaN
      1907.00          NaN
      1908.00          NaN
      1909.00          NaN
      1910.00          NaN
      1911.00          NaN
      1912.00          NaN
      1913.00          NaN
      1914.00          NaN
      1915.00          NaN
      1916.00          NaN
      1917.00          NaN
      1918.00          NaN
      1919.00          NaN
      1920.00          NaN
      1921.00          NaN
      1922.00          NaN
      1923.00          NaN
      1924.00          NaN
      1925.00          NaN
      1926.00          NaN
      1927.00          NaN
      1928.00          NaN
      1929.00          NaN
      1930.00          NaN
      1931.00          NaN
      1932.00          NaN
      1933.00          NaN
      1934.00          NaN
      1935.00          NaN
      1936.00          NaN
      1937.00          NaN
      1938.00          NaN
      1939.00          NaN
      1940.00          NaN
      1941.00          NaN
      1942.00          NaN
      1943.00          NaN
      1944.00          NaN
      1945.00          NaN
      1946.00          NaN
      1947.00          NaN
      1948.00          NaN
      1949.00          NaN
      1950.00          NaN
      1951.00          NaN
      1952.00          NaN
      1953.00          NaN
      1954.00          NaN
      1955.00          NaN
      1956.00          NaN
      1957.00          NaN
      1958.00          NaN
      1959.00          NaN
      1960.00          NaN
      1961.00          NaN
      1962.00          NaN
      1963.00          NaN
      1964.00          NaN
      1965.00          NaN
      1966.00          NaN
      1967.00          NaN
      1968.00          NaN
      1969.00          NaN
      1970.00          NaN
      1971.00          NaN
      1972.00          NaN
      1973.00          NaN
      1974.00          NaN
      1975.00          NaN
      1976.00          NaN
      1977.00          NaN
      1978.00          NaN
      1979.00          NaN
      1980.00          NaN
      1981.00          NaN
      1982.00          NaN
      1983.00          NaN
      1984.00          NaN
      1985.00          NaN
      1986.00          NaN
      1987.00          NaN
      1988.00          NaN
      1989.00          NaN
      1990.00          NaN
      1991.00          NaN
      1992.00          NaN
      1993.00          NaN
      1994.00          NaN
      1995.00          NaN
      1996.00          NaN
      1997.00          NaN
      1998.00          NaN
      1999.00          NaN
      2000.00          NaN
      2001.00          NaN
      2002.00          NaN
      2003.00          NaN
      2004.00          NaN
      2005.00          NaN
      2006.00          NaN
      2007.00          NaN
      2008.00          NaN
      2009.00          NaN
      2010.00          NaN
      2011.00          NaN
      2012.00          NaN
      2013.00          NaN
      2014.00          NaN
      2015.00          NaN
      2016.00          NaN
      2017.00          NaN
      2018.00          NaN
      2019.00          NaN
      2020.00          NaN
      2021.00          NaN
      2022.00          NaN
      2023.00          NaN
      2024.00          NaN
      2025.00          NaN
      2026.00          NaN
      2027.00          NaN
      2028.00          NaN
      2029.00          NaN
      2030.00          NaN
      2031.00          NaN
      2032.00          NaN
      2033.00          NaN
      2034.00          NaN
      2035.00          NaN
      2036.00          NaN
      2037.00          NaN
      2038.00          NaN
      2039.00          NaN
      2040.00          NaN
      2041.00          NaN
      2042.00          NaN
      2043.00          NaN
      2044.00          NaN
      2045.00          NaN
      2046.00          NaN
      2047.00          NaN
      2048.00          NaN
      2049.00          NaN
      2050.00          NaN
      2051.00          NaN
      2052.00          NaN
      2053.00          NaN
      2054.00          NaN
      2055.00          NaN
      2056.00          NaN
      2057.00          NaN
      2058.00          NaN
      2059.00          NaN
      2060.00          NaN
      2061.00          NaN
      2062.00          NaN
      2063.00          NaN
      2064.00          NaN
      2065.00          NaN
      2066.00          NaN
      2067.00          NaN
      2068.00          NaN
      2069.00          NaN
      2070.00          NaN
      2071.00          NaN
      2072.00          NaN
      2073.00          NaN
      2074.00          NaN
      2075.00          NaN
      2076.00          NaN
      2077.00          NaN
      2078.00          NaN
      2079.00          NaN
      2080.00          NaN
      2081.00          NaN
      2082.00          NaN
      2083.00          NaN
      2084.00          NaN
      2085.00          NaN
      2086.00          NaN
      2087.00          NaN
      2088.00          NaN
      2089.00          NaN
      2090.00          NaN
      2091.00          NaN
      2092.00          NaN
      2093.00          NaN
      2094.00          NaN
      2095.00          NaN
      2096.00          NaN
      2097.00          NaN
      2098.00          NaN
      2099.00          NaN
      2100.00          NaN
      2101.00          NaN
      2102.00          NaN
      2103.00          NaN
      2104.00          NaN
      2105.00          NaN
      2106.00          NaN
      2107.00          NaN
      2108.00          NaN
      2109.00          NaN
      2110.00          NaN
      2111.00          NaN
      2112.00          NaN
      2113.00          NaN
      2114.00          NaN
      2115.00          NaN
      2116.00          NaN
      2117.00          NaN
      2118.00          NaN
      2119.00          NaN
      2120.00          NaN
      2121.00          NaN
      2122.00          NaN
      2123.00          NaN
      2124.00          NaN
      2125.00          NaN
      2126.00          NaN
      2127.00          NaN
      2128.00          NaN
      2129.00          NaN
      2130.00          NaN
      2131.00          NaN
      2132.00          NaN
      2133.00          NaN
      2134.00          NaN
      2135.00          NaN
      2136.00          NaN
      2137.00          NaN
      2138.00          NaN
      2139.00          NaN
      2140.00          NaN
      2141.00          NaN
      2142.00          NaN
      2143.00          NaN
      2144.00          NaN
      2145.00          NaN
      2146.00          NaN
      2147.00          NaN
      2148.00          NaN
      2149.00          NaN
      2150.00          NaN
      2151.00          NaN
      2152.00          NaN
      2153.00          NaN
      2154.00          NaN
      2155.00          NaN
      2156.00          NaN
      2157.00          NaN
      2158.00          NaN
      2159.00          NaN
      2160.00          NaN
      2161.00          NaN
      2162.00          NaN
      2163.00          NaN
      2164.00          NaN
      2165.00          NaN
      2166.00          NaN
      2167.00          NaN
      2168.00          NaN
      2169.00          NaN
      2170.00          NaN
      2171.00          NaN
      2172.00          NaN
      2173.00          NaN
      2174.00          NaN
      2175.00          NaN
      2176.00          NaN
      2177.00          NaN
      2178.00          NaN
      2179.00          NaN
      2180.00          NaN
      2181.00          NaN
      2182.00          NaN
      2183.00          NaN
      2184.00          NaN
      2185.00          NaN
      2186.00          NaN
      2187.00          NaN
      2188.00          NaN
      2189.00          NaN
      2190.00          NaN
      2191.00          NaN
      2192.00          NaN
      2193.00          NaN
      2194.00          NaN
      2195.00          NaN
      2196.00          NaN
      2197.00          NaN
      2198.00          NaN
      2199.00          NaN
      2200.00          NaN
      2201.00          NaN
      2202.00          NaN
      2203.00          NaN
      2204.00          NaN
      2205.00          NaN
      2206.00          NaN
      2207.00          NaN
      2208.00          NaN
      2209.00          NaN
      2210.00          NaN
      2211.00          NaN
      2212.00          NaN
      2213.00          NaN
      2214.00          NaN
      2215.00          NaN
      2216.00          NaN
      2217.00          NaN
      2218.00          NaN
      2219.00          NaN
      2220.00          NaN
      2221.00          NaN
      2222.00          NaN
      2223.00          NaN
      2224.00          NaN
      2225.00          NaN
      2226.00          NaN
      2227.00          NaN
      2228.00          NaN
      2229.00          NaN
      2230.00          NaN
      2231.00          NaN
      2232.00          NaN
      2233.00          NaN
      2234.00          NaN
      2235.00          NaN
      2236.00          NaN
      2237.00          NaN
      2238.00          NaN
      2239.00          NaN
      2240.00          NaN
      2241.00          NaN
      2242.00          NaN
      2243.00          NaN
      2244.00          NaN
      2245.00          NaN
      2246.00          NaN
      2247.00          NaN
      2248.00          NaN
      2249.00          NaN
      2250.00          NaN
      2251.00          NaN
      2252.00          NaN
      2253.00          NaN
      2254.00          NaN
      2255.00          NaN
      2256.00          NaN
      2257.00          NaN
      2258.00          NaN
      2259.00          NaN
      2260.00          NaN
      2261.00          NaN
      2262.00          NaN
      2263.00          NaN
      2264.00          NaN
      2265.00          NaN
      2266.00          NaN
      2267.00          NaN
      2268.00          NaN
      2269.00          NaN
      2270.00          NaN
      2271.00          NaN
      2272.00          NaN
      2273.00          NaN
      2274.00          NaN
      2275.00          NaN
      2276.00          NaN
      2277.00          NaN
      2278.00          NaN
      2279.00          NaN
      2280.00          NaN
      2281.00          NaN
      2282.00          NaN
      2283.00          NaN
      2284.00          NaN
      2285.00          NaN
      2286.00          NaN
      2287.00          NaN
      2288.00          NaN
      2289.00          NaN
      2290.00          NaN
      2291.00          NaN
      2292.00          NaN
      2293.00          NaN
      2294.00          NaN
      2295.00          NaN
      2296.00          NaN
      2297.00          NaN
      2298.00          NaN
      2299.00          NaN
      2300.00          NaN
      2301.00          NaN
      2302.00          NaN
      2303.00          NaN
      2304.00          NaN
      2305.00          NaN
      2306.00          NaN
      2307.00          NaN
      2308.00          NaN
      2309.00          NaN
      2310.00          NaN
      2311.00          NaN
      2312.00          NaN
      2313.00          NaN
      2314.00          NaN
      2315.00          NaN
      2316.00          NaN
      2317.00          NaN
      2318.00          NaN
      2319.00          NaN
      2320.00          NaN
      2321.00          NaN
      2322.00          NaN
      2323.00          NaN
      2324.00          NaN
      2325.00          NaN
      2326.00          NaN
      2327.00          NaN
      2328.00          NaN
      2329.00          NaN
      2330.00          NaN
      2331.00          NaN
      2332.00          NaN
      2333.00          NaN
      2334.00          NaN
      2335.00          NaN
      2336.00          NaN
      2337.00          NaN
      2338.00          NaN
      2339.00          NaN
      2340.00          NaN
      2341.00          NaN
      2342.00          NaN
      2343.00          NaN
      2344.00          NaN
      2345.00          NaN
      2346.00          NaN
      2347.00          NaN
      2348.00          NaN
      2349.00          NaN
      2350.00          NaN
      2351.00          NaN
      2352.00          NaN
      2353.00          NaN
      2354.00          NaN
      2355.00          NaN
      2356.00          NaN
      2357.00          NaN
      2358.00          NaN
      2359.00          NaN
      2360.00          NaN
      2361.00          NaN
      2362.00          NaN
      2363.00          NaN
      2364.00          NaN
      2365.00          NaN
      2366.00          NaN
      2367.00          NaN
      2368.00          NaN
      2369.00          NaN
      2370.00          NaN
      2371.00          NaN
      2372.00          NaN
      2373.00          NaN
      2374.00          NaN
      2375.00          NaN
      2376.00          NaN
      2377.00          NaN
      2378.00          NaN
      2379.00          NaN
      2380.00          NaN
      2381.00          NaN
      2382.00          NaN
      2383.00          NaN
      2384.00          NaN
      2385.00          NaN
      2386.00          NaN
      2387.00          NaN
      2388.00          NaN
      2389.00          NaN
      2390.00          NaN
      2391.00          NaN
      2392.00          NaN
      2393.00          NaN
      2394.00          NaN
      2395.00          NaN
      2396.00          NaN
      2397.00          NaN
      2398.00          NaN
      2399.00          NaN
      2400.00          NaN
      2401.00          NaN
      2402.00          NaN
      2403.00          NaN
      2404.00          NaN
      2405.00          NaN
      2406.00          NaN
      2407.00          NaN
      2408.00          NaN
      2409.00          NaN
      2410.00          NaN
      2411.00          NaN
      2412.00          NaN
      2413.00          NaN
      2414.00          NaN
      2415.00          NaN
      2416.00          NaN
      2417.00          NaN
      2418.00          NaN
      2419.00          NaN
      2420.00          NaN
      2421.00          NaN
      2422.00          NaN
      2423.00          NaN
      2424.00          NaN
      2425.00          NaN
      2426.00          NaN
      2427.00          NaN
      2428.00          NaN
      2429.00          NaN
      2430.00          NaN
      2431.00          NaN
      2432.00          NaN
      2433.00          NaN
      2434.00          NaN
      2435.00          NaN
      2436.00          NaN
      2437.00          NaN
      2438.00          NaN
      2439.00          NaN
      2440.00          NaN
      2441.00          NaN
      2442.00          NaN
      2443.00          NaN
      2444.00          NaN
      2445.00          NaN
      2446.00          NaN
      2447.00          NaN
      2448.00          NaN
      2449.00          NaN
      2450.00          NaN
      2451.00          NaN
      2452.00          NaN
      2453.00          NaN
      2454.00          NaN
      2455.00          NaN
      2456.00          NaN
      2457.00          NaN
      2458.00          NaN
      2459.00          NaN
      2460.00          NaN
      2461.00          NaN
      2462.00          NaN
      2463.00          NaN
      2464.00          NaN
      2465.00          NaN
      2466.00          NaN
      2467.00          NaN
      2468.00          NaN
      2469.00          NaN
      2470.00          NaN
      2471.00          NaN
      2472.00          NaN
      2473.00          NaN
      2474.00          NaN
      2475.00          NaN
      2476.00          NaN
      2477.00          NaN
      2478.00          NaN
      2479.00          NaN
      2480.00          NaN
      2481.00          NaN
      2482.00          NaN
      2483.00          NaN
      2484.00          NaN
      2485.00          NaN
      2486.00          NaN
      2487.00          NaN
      2488.00          NaN
      2489.00          NaN
      2490.00          NaN
      2491.00          NaN
      2492.00          NaN
      2493.00          NaN
      2494.00          NaN
      2495.00          NaN
      2496.00          NaN
      2497.00          NaN
      2498.00          NaN
      2499.00          NaN
      2500.00          NaN
      2501.00          NaN
      2502.00          NaN
      2503.00          NaN
      2504.00          NaN
      2505.00          NaN
      2506.00          NaN
      2507.00          NaN
      2508.00          NaN
      2509.00          NaN
      2510.00          NaN
      2511.00          NaN
      2512.00          NaN
      2513.00          NaN
      2514.00          NaN
      2515.00          NaN
      2516.00          NaN
      2517.00          NaN
      2518.00          NaN
      2519.00          NaN
      2520.00          NaN
      2521.00          NaN
      2522.00          NaN
      2523.00          NaN
      2524.00          NaN
      2525.00          NaN
      2526.00          NaN
      2527.00          NaN
      2528.00          NaN
      2529.00          NaN
      2530.00          NaN
      2531.00          NaN
      2532.00          NaN
      2533.00          NaN
      2534.00          NaN
      2535.00          NaN
      2536.00          NaN
      2537.00          NaN
      2538.00          NaN
      2539.00          NaN
      2540.00          NaN
      2541.00          NaN
      2542.00          NaN
      2543.00          NaN
      2544.00          NaN
      2545.00          NaN
      2546.00          NaN
      2547.00          NaN
      2548.00          NaN
      2549.00          NaN
      2550.00          NaN
      2551.00          NaN
      2552.00          NaN
      2553.00          NaN
      2554.00          NaN
      2555.00          NaN
      2556.00          NaN
      2557.00          NaN
      2558.00          NaN
      2559.00          NaN
      2560.00          NaN
      2561.00          NaN
      2562.00          NaN
      2563.00          NaN
      2564.00          NaN
      2565.00          NaN
      2566.00          NaN
      2567.00          NaN
      2568.00          NaN
      2569.00          NaN
      2570.00          NaN
      2571.00          NaN
      2572.00          NaN
      2573.00          NaN
      2574.00          NaN
      2575.00          NaN
      2576.00          NaN
      2577.00          NaN
      2578.00          NaN
      2579.00          NaN
      2580.00          NaN
      2581.00          NaN
      2582.00          NaN
      2583.00          NaN
      2584.00          NaN
      2585.00          NaN
      2586.00          NaN
      2587.00          NaN
      2588.00          NaN
      2589.00          NaN
      2590.00          NaN
      2591.00          NaN
      2592.00          NaN
      2593.00          NaN
      2594.00          NaN
      2595.00          NaN
      2596.00          NaN
      2597.00          NaN
      2598.00          NaN
      2599.00          NaN
      2600.00          NaN
      2601.00          NaN
      2602.00          NaN
      2603.00          NaN
      2604.00          NaN
      2605.00          NaN
      2606.00          NaN
      2607.00          NaN
      2608.00          NaN
      2609.00          NaN
      2610.00          NaN
      2611.00          NaN
      2612.00          NaN
      2613.00          NaN
      2614.00          NaN
      2615.00          NaN
      2616.00          NaN
      2617.00          NaN
      2618.00          NaN
      2619.00          NaN
      2620.00          NaN
      2621.00          NaN
      2622.00          NaN
      2623.00          NaN
      2624.00          NaN
      2625.00          NaN
      2626.00          NaN
      2627.00          NaN
      2628.00          NaN
      2629.00          NaN
      2630.00          NaN
      2631.00          NaN
      2632.00          NaN
      2633.00          NaN
      2634.00          NaN
      2635.00          NaN
      2636.00          NaN
      2637.00          NaN
      2638.00          NaN
      2639.00          NaN
      2640.00          NaN
      2641.00          NaN
      2642.00          NaN
      2643.00          NaN
      2644.00          NaN
      2645.00          NaN
      2646.00          NaN
      2647.00          NaN
      2648.00          NaN
      2649.00          NaN
      2650.00          NaN
      2651.00          NaN
      2652.00          NaN
      2653.00          NaN
      2654.00          NaN
      2655.00          NaN
      2656.00          NaN
      2657.00          NaN
      2658.00          NaN
      2659.00          NaN
      2660.00          NaN
      2661.00          NaN
      2662.00          NaN
      2663.00          NaN
      2664.00          NaN
      2665.00          NaN
      2666.00          NaN
      2667.00          NaN
      2668.00          NaN
      2669.00          NaN
      2670.00          NaN
      2671.00          NaN
      2672.00          NaN
      2673.00          NaN
      2674.00          NaN
      2675.00          NaN
      2676.00          NaN
      2677.00          NaN
      2678.00          NaN
      2679.00          NaN
      2680.00          NaN
      2681.00          NaN
      2682.00          NaN
      2683.00          NaN
      2684.00          NaN
      2685.00          NaN
      2686.00          NaN
      2687.00          NaN
      2688.00          NaN
      2689.00          NaN
      2690.00          NaN
      2691.00          NaN
      2692.00          NaN
      2693.00          NaN
      2694.00          NaN
      2695.00          NaN
      2696.00          NaN
      2697.00          NaN
      2698.00          NaN
      2699.00          NaN
      2700.00          NaN
